S1 =  [2.96502077 3.83088806 0.87067308]
S2 =  [4.38463866 4.49354106 1.50034379]
Minimal distance =  11.297765607534345